              precision    recall  f1-score   support

           0       1.00      1.00      1.00       412
           1       0.67      0.75      0.71       413
           2       0.90      0.94      0.92       411
           3       1.00      1.00      1.00       390
           4       0.62      0.60      0.61       381
           5       0.72      0.59      0.65       309

    accuracy                           0.82      2316
   macro avg       0.82      0.81      0.81      2316
weighted avg       0.82      0.82      0.82      2316
