              precision    recall  f1-score   support

           0       1.00      1.00      1.00       412
           1       0.69      0.74      0.72       413
           2       0.91      0.96      0.94       411
           3       1.00      1.00      1.00       390
           4       0.61      0.61      0.61       381
           5       0.75      0.62      0.68       309

    accuracy                           0.83      2316
   macro avg       0.83      0.82      0.82      2316
weighted avg       0.83      0.83      0.83      2316
