              precision    recall  f1-score   support

           0       1.00      1.00      1.00       413
           1       0.70      0.74      0.72       413
           2       0.91      0.96      0.93       411
           3       1.00      1.00      1.00       389
           4       0.62      0.63      0.62       380
           5       0.78      0.64      0.70       310

    accuracy                           0.84      2316
   macro avg       0.83      0.83      0.83      2316
weighted avg       0.84      0.84      0.84      2316
