              precision    recall  f1-score   support

           0       1.00      1.00      1.00       413
           1       0.66      0.77      0.71       413
           2       0.92      0.92      0.92       411
           3       1.00      1.00      1.00       389
           4       0.58      0.54      0.56       380
           5       0.74      0.64      0.69       310

    accuracy                           0.82      2316
   macro avg       0.82      0.81      0.81      2316
weighted avg       0.82      0.82      0.82      2316
