              precision    recall  f1-score   support

           0       0.96      1.00      0.98       826
           1       0.53      0.48      0.50       826
           2       0.71      0.85      0.78       825
           3       1.00      1.00      1.00       825
           4       0.52      0.56      0.54       761
           5       0.68      0.49      0.57       619

    accuracy                           0.74      4682
   macro avg       0.73      0.73      0.73      4682
weighted avg       0.74      0.74      0.74      4682
