              precision    recall  f1-score   support

           0       1.00      1.00      1.00       826
           1       0.72      0.75      0.73       826
           2       0.93      0.95      0.94       825
           3       1.00      1.00      1.00       825
           4       0.62      0.62      0.62       761
           5       0.76      0.69      0.72       619

    accuracy                           0.84      4682
   macro avg       0.84      0.84      0.84      4682
weighted avg       0.84      0.84      0.84      4682
