              precision    recall  f1-score   support

           0       1.00      1.00      1.00       413
           1       0.69      0.74      0.71       413
           2       0.92      0.95      0.93       411
           3       1.00      1.00      1.00       389
           4       0.60      0.58      0.59       380
           5       0.73      0.65      0.69       310

    accuracy                           0.83      2316
   macro avg       0.82      0.82      0.82      2316
weighted avg       0.83      0.83      0.83      2316
