              precision    recall  f1-score   support

           0       1.00      1.00      1.00       413
           1       0.70      0.71      0.71       413
           2       0.90      0.96      0.93       411
           3       1.00      1.00      1.00       389
           4       0.61      0.62      0.62       380
           5       0.77      0.68      0.73       310

    accuracy                           0.84      2316
   macro avg       0.83      0.83      0.83      2316
weighted avg       0.84      0.84      0.84      2316
