              precision    recall  f1-score   support

           0       1.00      1.00      1.00       413
           1       0.67      0.71      0.69       413
           2       0.92      0.93      0.93       411
           3       1.00      1.00      1.00       389
           4       0.61      0.61      0.61       380
           5       0.75      0.69      0.72       310

    accuracy                           0.83      2316
   macro avg       0.83      0.82      0.82      2316
weighted avg       0.83      0.83      0.83      2316
