              precision    recall  f1-score   support

           0       1.00      1.00      1.00       413
           1       0.67      0.68      0.68       413
           2       0.91      0.95      0.93       411
           3       1.00      1.00      1.00       389
           4       0.56      0.61      0.58       380
           5       0.73      0.61      0.66       310

    accuracy                           0.82      2316
   macro avg       0.81      0.81      0.81      2316
weighted avg       0.82      0.82      0.82      2316
