              precision    recall  f1-score   support

           0       1.00      1.00      1.00       412
           1       0.65      0.74      0.69       413
           2       0.94      0.92      0.93       411
           3       1.00      1.00      1.00       390
           4       0.60      0.58      0.59       381
           5       0.76      0.67      0.71       309

    accuracy                           0.83      2316
   macro avg       0.82      0.82      0.82      2316
weighted avg       0.83      0.83      0.83      2316
