              precision    recall  f1-score   support

           0       1.00      1.00      1.00       413
           1       0.66      0.69      0.68       413
           2       0.91      0.93      0.92       411
           3       1.00      1.00      1.00       389
           4       0.60      0.62      0.61       380
           5       0.77      0.68      0.72       310

    accuracy                           0.83      2316
   macro avg       0.82      0.82      0.82      2316
weighted avg       0.83      0.83      0.83      2316
