              precision    recall  f1-score   support

           0       1.00      1.00      1.00       413
           1       0.69      0.75      0.72       413
           2       0.93      0.95      0.94       411
           3       1.00      1.00      1.00       389
           4       0.60      0.60      0.60       381
           5       0.76      0.65      0.70       309

    accuracy                           0.83      2316
   macro avg       0.83      0.82      0.82      2316
weighted avg       0.83      0.83      0.83      2316
