              precision    recall  f1-score   support

           0       1.00      1.00      1.00       413
           1       0.68      0.71      0.70       413
           2       0.93      0.96      0.95       411
           3       1.00      1.00      1.00       389
           4       0.57      0.62      0.59       380
           5       0.77      0.60      0.68       310

    accuracy                           0.83      2316
   macro avg       0.82      0.82      0.82      2316
weighted avg       0.83      0.83      0.83      2316
