              precision    recall  f1-score   support

           0       1.00      1.00      1.00       413
           1       0.69      0.71      0.70       413
           2       0.90      0.95      0.93       411
           3       1.00      1.00      1.00       389
           4       0.61      0.62      0.62       380
           5       0.77      0.67      0.72       310

    accuracy                           0.83      2316
   macro avg       0.83      0.83      0.83      2316
weighted avg       0.83      0.83      0.83      2316
